40.000 199.000 61.000 103.000
39.907 197.961 63.750 107.643
52.611 209.327 63.750 107.643
53.280 209.996 63.750 107.643
65.982 222.279 61.080 103.135
40.881 198.155 63.833 107.784
66.359 221.871 61.160 103.270
40.616 196.461 63.917 107.926
64.754 220.179 61.240 103.406
40.221 194.053 64.001 108.067
65.100 218.510 61.321 103.542
39.279 191.737 64.085 108.209
35.817 183.245 66.974 113.087
63.264 208.138 64.169 108.351
36.861 177.367 67.062 113.236
60.791 194.520 64.253 108.493
47.975 176.308 64.253 108.493
60.787 181.278 61.562 103.950
36.753 151.112 64.338 108.636
63.731 167.551 61.643 104.086
39.695 137.381 64.422 108.778
53.901 139.411 64.422 108.778
57.960 133.323 64.422 108.778
75.544 142.365 61.724 104.223
54.094 111.545 64.507 108.921
55.346 99.620 67.414 113.831
58.781 91.391 70.454 118.962
62.368 85.753 73.630 124.325
67.661 79.861 76.949 129.930
88.665 90.363 76.949 129.930
95.935 88.747 76.949 129.930
119.359 98.738 73.726 124.488
95.236 67.275 77.050 130.100
96.738 59.484 80.523 135.965
100.839 51.349 84.153 142.094
153.892 84.391 80.629 136.144
121.580 50.828 84.263 142.281
171.982 79.453 80.734 136.322
181.296 77.225 77.353 130.613
189.410 79.148 74.114 125.143
169.057 49.861 77.455 130.784
206.483 79.452 74.211 125.307
217.378 80.519 71.103 120.059
212.896 69.313 71.103 120.059
238.290 82.286 68.125 115.031
218.147 51.782 71.196 120.217
221.772 43.843 74.406 125.636
266.251 74.568 71.290 120.375
243.672 46.388 74.503 125.801
278.091 76.404 71.383 120.532
284.080 75.183 68.394 115.485
288.382 79.037 65.529 110.648
265.570 57.272 68.484 115.636
280.682 69.505 68.484 115.636
270.503 57.544 71.571 120.849
287.024 71.813 71.571 120.849
291.530 74.066 71.571 120.849
311.053 92.367 68.573 115.788
316.086 96.950 65.702 110.939
290.449 76.505 68.663 115.940
307.045 92.379 68.663 115.940
311.374 97.430 68.663 115.940
329.408 115.732 65.788 111.084
321.816 108.140 65.788 111.084
309.980 96.664 68.753 116.092
342.447 127.236 65.874 111.230
322.274 107.425 68.844 116.244
323.617 105.528 71.947 121.484
343.244 126.666 71.947 121.484
363.623 149.592 68.934 116.397
354.217 138.015 68.934 116.397
371.578 160.712 66.047 111.522
348.572 140.151 69.024 116.549
363.082 157.563 69.024 116.549
381.939 181.768 66.134 111.668
383.324 190.353 63.364 106.992
374.018 183.706 63.364 106.992
375.347 189.688 63.364 106.992
376.677 195.671 63.364 106.992
391.962 215.858 60.710 102.511
367.653 195.067 63.447 107.132
393.648 224.644 60.790 102.645
368.062 203.213 63.530 107.273
392.726 232.126 60.870 102.780
379.302 220.620 60.870 102.780
365.146 207.436 63.614 107.413
391.217 235.094 60.950 102.915
388.658 234.053 58.397 98.605
376.384 221.778 58.397 98.605
362.793 207.281 61.030 103.050
388.436 229.956 58.474 98.734
363.796 204.409 61.110 103.185
389.441 223.882 58.550 98.864
364.799 198.332 61.190 103.320
391.806 219.146 58.627 98.993
367.089 191.672 61.270 103.456
393.454 211.203 58.704 99.123
370.582 183.110 61.350 103.592
366.626 174.987 64.116 108.262
380.750 182.385 64.116 108.262
395.543 191.377 61.431 103.728
370.935 161.300 64.200 108.404
366.790 150.088 67.094 113.290
381.572 157.127 67.094 113.290
365.278 139.088 70.119 118.398
359.286 129.801 73.280 123.735
390.028 156.988 70.211 118.553
358.218 124.826 73.376 123.897
365.153 134.073 73.376 123.897
361.300 131.761 73.376 123.897
342.693 113.557 76.684 129.482
350.752 125.645 76.684 129.482
360.417 143.668 73.472 124.060
326.396 113.131 76.784 129.652
330.425 125.219 76.784 129.652
336.869 140.828 73.569 124.222
329.139 141.884 70.488 119.020
296.503 114.807 73.665 124.385
316.586 143.679 70.580 119.176
282.384 117.275 73.762 124.549
287.805 129.667 73.762 124.549
266.006 116.016 77.087 130.163
272.484 131.403 77.087 130.163
252.121 115.512 80.562 136.031
260.572 130.724 80.562 136.031
239.319 116.671 84.194 142.163
247.278 132.589 84.194 142.163
225.925 114.351 87.989 148.572
216.554 112.850 91.956 155.269
257.067 157.583 88.105 148.767
252.434 160.698 84.415 142.536
215.080 129.125 88.220 148.962
204.762 125.767 92.197 155.677
244.469 164.866 88.336 149.157
242.609 170.772 84.636 142.911
226.621 160.113 84.636 142.911
212.278 144.457 88.452 149.353
206.567 141.090 92.439 156.086
248.296 183.182 88.568 149.549
213.771 151.929 92.560 156.291
253.638 184.378 88.684 149.745
264.809 186.583 84.970 143.474
272.833 188.695 81.411 137.465
277.958 188.154 78.002 131.708
283.689 187.633 74.735 126.192
289.960 189.491 71.605 120.907
295.214 190.521 68.607 115.844
272.080 163.443 71.699 121.066
302.946 189.320 68.697 115.996
282.637 161.450 71.793 121.225
279.513 154.200 75.030 126.690
314.978 189.171 71.888 121.384
324.787 192.467 68.877 116.300
331.294 193.456 65.992 111.430
335.445 195.097 63.229 106.763
340.092 196.668 60.581 102.292
320.938 175.303 63.312 106.903
344.864 196.818 60.660 102.426
338.492 191.083 60.660 102.426
352.507 202.149 58.120 98.137
341.530 194.222 58.120 98.137
354.943 203.595 55.686 94.027
344.426 193.077 55.686 94.027
357.278 201.473 53.354 90.089
347.184 191.940 53.354 90.089
339.252 183.741 55.759 94.150
348.632 190.190 55.759 94.150
350.978 189.017 55.759 94.150
343.272 178.687 58.272 98.394
366.515 196.042 55.832 94.273
350.014 176.915 58.349 98.523
349.922 171.635 60.979 102.965
375.489 193.607 58.425 98.653
360.670 171.131 61.059 103.100
373.494 179.466 61.059 103.100
366.347 166.883 63.812 107.747
368.932 163.113 66.688 112.605
399.729 192.071 63.895 107.889
382.865 166.839 66.776 112.752
377.850 160.086 69.786 117.835
380.677 153.030 72.932 123.147
412.793 186.962 69.877 117.990
417.923 186.499 66.951 113.048
397.461 157.979 69.969 118.145
398.825 148.698 73.123 123.471
431.789 178.117 70.061 118.300
424.436 162.676 70.061 118.300
411.092 144.568 73.219 123.633
444.139 172.522 70.153 118.455
430.869 155.565 70.153 118.455
451.506 168.367 67.215 113.494
453.620 167.214 64.400 108.741
457.674 166.109 61.703 104.187
460.907 165.702 59.119 99.823
464.010 165.306 56.643 95.643
465.790 164.338 54.271 91.637
444.026 146.867 56.717 95.768
471.441 165.562 54.342 91.758
460.600 158.145 54.342 91.758
448.534 149.229 56.792 95.894
475.354 171.504 54.413 91.878
477.635 172.857 52.134 88.030
457.313 154.462 54.485 91.999
467.618 160.187 54.485 91.999
458.947 148.380 56.941 96.146
483.463 164.746 54.556 92.119
470.867 150.433 54.556 92.119
459.332 134.615 57.015 96.272
456.252 126.465 59.586 100.612
467.511 132.094 59.586 100.612
466.260 128.967 59.586 100.612
451.782 111.687 62.272 105.147
445.808 102.135 65.079 109.887
471.735 119.448 62.353 105.285
441.514 90.878 65.164 110.032
432.518 81.555 68.102 114.992
438.243 86.565 68.102 114.992
445.395 97.561 65.250 110.176
408.340 75.233 68.191 115.143
396.783 66.196 71.265 120.333
381.694 56.743 74.478 125.758
379.347 60.654 74.478 125.758
347.157 38.261 77.835 131.427
362.687 70.448 74.576 125.923
347.819 67.609 71.452 120.649
305.655 34.850 74.673 126.088
315.847 65.726 71.546 120.807
283.554 49.204 71.546 120.807
279.045 65.251 68.550 115.748
236.482 36.017 71.640 120.966
214.538 34.043 74.870 126.419
197.125 50.065 78.245 132.118
186.444 41.027 78.245 132.118
154.283 26.547 81.772 138.074
177.466 45.756 78.347 132.291
149.532 53.972 78.347 132.291
119.011 18.127 81.879 138.255
109.436 8.141 85.570 144.487
116.621 25.203 85.570 144.487
128.291 47.088 81.987 138.436
120.539 53.430 78.553 132.639
83.273 28.977 82.094 138.618
84.998 35.016 82.094 138.618
63.304 24.127 85.795 144.867
86.701 60.461 82.202 138.800
80.658 67.681 78.759 132.987
59.971 60.234 78.759 132.987
69.068 83.705 75.461 127.417
51.640 75.783 75.461 127.417
62.726 96.671 72.301 122.081
31.502 72.672 75.560 127.585
56.114 108.697 72.395 122.241
52.305 116.582 69.363 117.122
37.028 109.308 69.363 117.122
34.118 115.127 69.363 117.122
46.482 137.221 66.459 112.217
29.730 129.543 66.459 112.217
40.196 147.947 63.675 107.517
37.517 154.879 61.009 103.014
36.871 160.242 58.454 98.700
13.460 138.992 61.089 103.150
21.795 151.174 61.089 103.150
36.539 168.081 58.530 98.830
23.651 160.103 58.530 98.830
38.378 174.447 56.079 94.691
26.025 167.388 56.079 94.691
39.552 181.724 53.730 90.725
18.012 164.432 56.153 94.815
42.205 189.435 53.801 90.844
30.911 182.094 53.801 90.844
33.735 185.482 53.801 90.844
25.181 178.352 56.226 94.939
26.274 180.343 58.761 99.219
28.656 184.283 61.410 103.692
30.497 188.397 64.178 108.366
60.170 222.368 61.490 103.828
37.496 200.030 64.262 108.509
49.637 211.497 64.262 108.509
64.473 227.934 61.571 103.964
41.733 206.178 64.347 108.651
39.608 202.380 67.247 113.549
67.839 231.582 64.431 108.793
42.711 209.512 67.336 113.698
54.036 217.298 67.336 113.698
43.316 207.657 70.371 118.823
54.405 220.963 70.371 118.823
70.663 240.453 67.424 113.847
56.506 231.959 67.424 113.847
42.953 215.236 70.463 118.979
71.779 245.817 67.512 113.996
44.067 218.474 70.556 119.135
38.771 210.600 73.737 124.506
67.423 229.472 70.648 119.292
42.854 212.701 73.833 124.669
63.763 232.350 70.741 119.448
42.104 214.052 73.930 124.833
63.840 234.525 70.834 119.605
41.435 215.480 74.027 124.997
49.200 221.692 74.027 124.997
38.990 211.886 77.364 130.631
47.108 218.380 77.364 130.631
48.732 222.439 77.364 130.631
64.152 233.292 74.124 125.161
36.014 214.903 77.466 130.803
31.013 207.072 80.958 136.699
64.971 237.952 77.567 130.974
35.556 220.353 81.064 136.879
63.634 238.537 77.669 131.146
34.150 220.083 81.170 137.058
28.056 211.876 84.830 143.237
44.970 228.789 84.830 143.237
31.485 219.330 88.654 149.694
23.898 212.230 92.650 156.442
59.878 236.902 88.770 149.890
36.455 224.210 92.772 156.647
40.353 230.057 92.772 156.647
35.481 230.057 92.772 156.647
39.379 230.057 92.772 156.647
39.379 231.031 92.772 156.647
39.379 231.031 92.772 156.647
39.379 231.031 92.772 156.647
39.379 230.057 92.772 156.647
37.430 230.057 92.772 156.647
38.404 228.108 92.772 156.647
60.812 232.362 88.886 150.087
59.873 226.172 85.164 143.801
60.762 228.289 81.597 137.779
61.614 226.890 78.180 132.009
64.073 228.011 74.906 126.480
63.282 229.087 71.769 121.183
65.538 232.377 68.763 116.108
38.012 204.505 71.863 121.342
34.127 197.996 75.102 126.812
66.441 230.604 71.957 121.501
52.098 217.016 71.957 121.501
36.133 199.179 75.201 126.979
67.735 228.705 72.052 121.661
51.084 215.081 72.052 121.661
35.836 200.229 75.300 127.145
66.650 228.968 72.146 121.820
37.777 202.003 75.398 127.312
67.874 227.641 72.241 121.980
38.928 202.127 75.497 127.479
49.226 210.049 75.497 127.479
66.650 227.769 72.336 122.140
37.702 202.251 75.596 127.646
49.614 210.192 75.596 127.646
66.285 227.954 72.430 122.301
37.264 201.613 75.696 127.814
67.437 228.113 72.525 122.461
38.414 201.768 75.795 127.982
67.864 226.738 72.621 122.622
65.571 230.069 69.579 117.486
38.405 203.285 72.716 122.783
33.715 195.941 75.994 128.318
66.430 228.156 72.811 122.944
50.371 215.156 72.811 122.944
67.954 229.201 69.762 117.795
39.321 202.410 72.907 123.105
67.612 229.459 69.853 117.949
50.746 216.259 69.853 117.949
34.505 201.867 73.002 123.266
65.167 231.281 69.945 118.104
50.500 215.148 69.945 118.104
64.431 229.354 67.016 113.158
50.353 215.980 67.016 113.158
51.057 213.868 67.016 113.158
35.468 201.463 70.037 118.259
64.876 225.263 67.104 113.306
38.726 203.703 70.129 118.414
34.204 203.240 73.290 123.752
33.321 205.831 76.594 129.331
48.595 219.497 76.594 129.331
67.081 236.676 73.386 123.915
52.440 221.264 73.386 123.915
70.159 230.794 70.313 118.725
74.581 228.857 67.368 113.753
46.872 200.811 70.405 118.881
43.067 190.739 73.579 124.240
60.063 196.147 73.579 124.240
63.926 188.421 73.579 124.240
83.236 193.340 70.498 119.037
82.494 186.962 67.545 114.052
83.908 180.833 64.716 109.275
86.621 174.302 62.006 104.699
65.043 144.601 64.801 109.418
93.615 162.541 62.087 104.836
96.217 158.226 59.487 100.446
78.041 131.021 62.169 104.974
79.905 121.473 64.971 109.706
113.336 144.923 62.250 105.111
94.303 116.436 65.057 109.850
96.248 107.136 67.989 114.802
115.519 116.415 67.989 114.802
144.064 131.666 65.142 109.994
134.484 115.242 65.142 109.994
129.594 101.814 68.079 114.952
170.988 127.774 65.227 110.138
181.934 132.818 62.496 105.526
178.650 118.367 62.496 105.526
204.920 129.116 59.878 101.106
191.611 109.213 62.578 105.664
197.426 106.175 65.399 110.427
208.991 104.372 68.347 115.405
214.627 99.618 71.428 120.608
233.990 100.644 74.648 126.045
282.612 137.793 71.522 120.766
291.619 139.571 68.526 115.708
299.531 144.153 65.656 110.863
306.427 149.925 62.907 106.220
287.168 131.012 65.743 111.008
301.662 144.816 65.743 111.008
320.294 165.775 62.989 106.359
301.033 148.841 65.829 111.154
329.329 182.917 63.072 106.499
327.998 189.124 60.430 102.038
306.942 170.942 63.155 106.638
314.895 183.534 63.155 106.638
325.496 201.010 60.510 102.172
295.544 180.919 63.238 106.778
286.142 175.188 66.088 111.592
278.405 171.285 69.067 116.622
307.420 202.747 66.175 111.738
278.858 179.405 69.158 116.775
299.169 205.066 66.262 111.885
297.772 209.497 63.487 107.199
294.435 210.408 60.828 102.709
285.486 200.181 60.828 102.709
293.152 209.363 58.280 98.408
269.203 190.627 60.908 102.844
265.273 186.391 63.653 107.480
291.345 215.387 60.988 102.979
288.134 216.261 58.433 98.666
275.246 207.055 58.433 98.666
283.834 221.396 55.986 94.534
282.065 221.610 53.642 90.575
279.249 223.507 51.395 86.782
263.532 210.227 53.712 90.694
257.804 204.230 56.133 94.782
277.866 222.741 53.782 90.813
266.572 217.658 53.782 90.813
273.909 223.513 51.530 87.010
275.530 228.582 49.372 83.366
274.493 232.916 47.304 79.874
261.521 221.690 49.437 83.475
273.987 233.830 47.366 79.979
273.485 237.995 45.383 76.630
259.121 226.738 47.429 80.084
272.067 238.874 45.442 76.730
273.019 242.387 43.539 73.517
256.504 230.679 45.502 76.831
269.896 240.899 43.596 73.613
268.525 239.700 41.770 70.530
253.967 228.886 43.653 73.710
248.395 224.472 45.621 77.033
244.975 218.430 47.678 80.505
239.900 208.115 49.827 84.134
238.254 201.507 52.073 87.927
249.195 204.242 52.073 87.927
238.721 187.490 54.421 91.891
235.212 176.860 56.874 96.033
232.738 166.350 59.438 100.363
235.139 154.111 62.117 104.887
235.045 141.300 64.918 109.615
235.629 131.324 67.844 114.556
267.655 153.652 65.003 109.759
272.428 147.762 62.281 105.162
248.825 119.927 65.088 109.903
278.164 139.970 62.362 105.300
282.744 136.935 59.751 100.890
262.574 113.328 62.444 105.438
276.982 120.532 62.444 105.438
269.025 107.022 65.259 110.191
284.765 117.287 65.259 110.191
277.135 104.538 68.201 115.159
293.596 116.705 68.201 115.159
284.902 104.090 71.275 120.350
299.882 120.568 71.275 120.350
290.036 108.867 74.488 125.776
304.901 126.079 74.488 125.776
305.683 133.120 74.488 125.776
289.922 124.026 77.846 131.445
284.079 127.605 81.356 137.371
278.826 133.057 85.023 143.564
271.556 139.635 88.856 150.035
303.284 183.844 85.135 143.752
267.388 162.721 88.972 150.232
273.922 187.921 88.972 150.232
283.251 219.067 85.246 143.941
235.730 202.411 89.089 150.429
220.628 206.503 93.105 157.211
207.788 208.818 97.302 164.298
219.025 236.400 97.302 164.298
212.896 240.486 97.302 164.298
227.192 264.358 93.227 157.417
224.252 260.805 89.323 150.824
221.436 255.528 85.582 144.508
216.942 245.084 81.998 138.456
198.866 223.564 81.998 138.456
180.663 197.202 85.695 144.697
